   1.0047162881456164      -0.15053510282035523      -0.10376775671185830      -0.15180834993953932      -0.26228702305029294        6.7679864990601288E-002  -4.7451057209479258E-002  0.13670455016329955      -0.22945193868825389       0.37250012242760716       -7.4042333583211134E-002 -0.40530695426481234       0.12519635504759580       0.29541970067391643      -0.26037715237151654      -0.28123881670891943       0.16087175990627675        7.8404523417576144E-002  -1.6721727698398747E-002   1.4962537152070160E-002  0.13974075483212334      -0.14953119643792168      -0.17413914556830848      -0.18376195552675856      -0.24316383074100692       0.33738788456394991     
 -0.15053510282035523        1.0057936510926184        8.4983594700579600E-003   4.3847918542320417E-003  -1.6329959354034220E-002  0.25570418476397805       0.11701819085898989      -0.16165152959169446        6.2342021298636745E-002  -2.2507844784395849E-003  0.25149267506206097      -0.15871326700896193      -0.44818110245118886        2.4438433981383460E-002  0.24595894719791428       0.16270817402048471       -8.2734693723795744E-002  -7.9894373227153967E-002 -0.18011361281986554        8.5211498400906902E-002 -0.19935923273676542      -0.31865269359571768      -0.34453388984528899       -1.2926471862368831E-002  0.23898057356392394      -0.30665478804955854     
 -0.10376775671185830        8.4983594700579600E-003  0.82367034200622924       0.29115921992895405      -0.15354682196765632        7.9653285015237441E-002 -0.10932597009752761       -2.5120261580709909E-002  0.10910936740713381       -4.7793854510798282E-002 -0.14673984698432518       -4.7010317822069353E-002  -1.1800137872321226E-002 -0.19490286781962066        1.0065432847515434E-002  -3.0531561837242805E-002 -0.18684713123862834       0.16104315855693624        3.0265988103803435E-002  -2.5267174709846577E-002  -9.3515857200438205E-003 -0.18594116694228568        9.7226355461967184E-003   2.6463198261151830E-003 -0.17644078459144952       -7.1446868301797167E-002
 -0.15180834993953932        4.3847918542320417E-003  0.29115921992895405       0.88610842188930194       -9.3361410064679393E-002  -5.3694865197786559E-002 -0.12744525602438006      -0.15974165891291822        3.1147466878623280E-002   1.8757792988099993E-002  -8.5917811521756204E-002  -4.8577391199526865E-002  -9.5474698922258863E-003 -0.19328682339911754        6.5157856273755671E-002   6.0211780926155430E-002 -0.11711236594176951       0.12955477787864961       -1.7774605123877983E-002   1.7092777524551510E-002 -0.16052519560164694        1.5689568791128895E-003  -7.9061865495379607E-002   2.9727306630302548E-002 -0.16081902185992006       -7.6197059477215279E-002
 -0.26228702305029294       -1.6329959354034220E-002 -0.15354682196765632       -9.3361410064679393E-002  0.81603085929112484      -0.26285019004531657       0.47955082252517245      -0.29504865084776372       -7.6784711993761801E-002 -0.25469651137823318       0.14419711974926808       0.30376926351318229      -0.21806617118016430        5.7200061778854477E-002  -9.1794336687221881E-002  -3.3078056075611262E-002 -0.13464399935207530      -0.26549462636977611        8.9471979145869629E-002   4.2851546166508908E-002 -0.31684076500303193       0.31635482157588762       0.23636062276098713        9.7503230205339214E-002  0.10176371095030191      -0.21023080429287683     
   6.7679864990601288E-002  0.25570418476397805        7.9653285015237441E-002  -5.3694865197786559E-002 -0.26285019004531657       0.91764577361063415        6.7354019204185333E-003   7.1842403649472586E-002  -3.5844920007684702E-002   6.3174529030410861E-002  -6.4867797018791275E-003 -0.18623499320055895      -0.12746974154590310       -8.9027472755148218E-002  -6.4860263012171016E-002 -0.11882635244836362       0.12784079137205553       0.13195435898788141      -0.12169115846652799       0.14681707055220486       0.10034355070198085      -0.28378531094728832      -0.26764935226378017       -6.4639893318466007E-002 -0.18388438313437222      -0.10244553854962829     
  -4.7451057209479258E-002  0.11701819085898989      -0.10932597009752761      -0.12744525602438006       0.47955082252517245        6.7354019204185333E-003   1.0343437691881721      -0.17888933674372676       -5.7392178947725296E-002 -0.20538267103136762       0.18778134805980481       -4.9262985802164878E-002 -0.32536172649295741       0.19373132978983873      -0.12715142976610661       -8.4987361703890790E-002 -0.14262627936849936      -0.20535818550984480        7.8306581331484895E-002  0.17492644926034850      -0.20195469801817931       -6.9781852838248934E-002   1.7655944519575216E-002  -7.6001175305033100E-002   4.9854405322022309E-002 -0.33153207791669626     
  0.13670455016329955      -0.16165152959169446       -2.5120261580709909E-002 -0.15974165891291822      -0.29504865084776372        7.1842403649472586E-002 -0.17888933674372676        1.1639211490866890       -1.3930378244802083E-002  -7.2213453475625626E-003  -3.8048616944734028E-002 -0.30756075234590075        1.2220158741519421E-002  -5.3743836240831989E-002 -0.16517744469097337      -0.21596041632920546       -6.2876935768826400E-002 -0.12242572411221157      -0.10996259365711987       -5.9179622018887726E-002   1.0752835611742495       -5.7514606555339062E-002 -0.16997660690943717      -0.14776823888828203      -0.17597555968251657        6.7802292598214992E-002
 -0.22945193868825389        6.2342021298636745E-002  0.10910936740713381        3.1147466878623280E-002  -7.6784711993761801E-002  -3.5844920007684702E-002  -5.7392178947725296E-002  -1.3930378244802083E-002  0.89061375784949226      -0.10344944493206201      -0.16929101230679947       0.15453000983187862      -0.13875756696790123      -0.23209637501271346        7.9188060106304747E-002  0.14045083495628374      -0.14764581128066812       -8.5680490313151808E-003 -0.15653405559343472       0.11579391478285099       -1.7897032731491520E-002 -0.14355672918636472       -4.9752696232619915E-002  0.11060298422002303        7.2846310031906350E-002 -0.18567182620553505     
  0.37250012242760716       -2.2507844784395849E-003  -4.7793854510798282E-002   1.8757792988099993E-002 -0.25469651137823318        6.3174529030410861E-002 -0.20538267103136762       -7.2213453475625626E-003 -0.10344944493206201       0.78689308867902419       -6.9634939709111901E-002 -0.19590677420205430       -6.0746695396345404E-002  0.32465541337210801        3.7726538161627376E-003  -3.9370835106963958E-002  0.11625913969178363       0.13437842561863589      -0.11162760912066823       -3.4106447979567696E-002   3.4543420363666124E-003 -0.25462305481366493      -0.21365877730606475      -0.24556341185023872      -0.15917849191789418       0.18136614142083810     
  -7.4042333583211134E-002  0.25149267506206097      -0.14673984698432518       -8.5917811521756204E-002  0.14419711974926808       -6.4867797018791275E-003  0.18778134805980481       -3.8048616944734028E-002 -0.16929101230679947       -6.9634939709111901E-002   1.0842942330946297      -0.13951661813510735      -0.27810466995400496       0.16204706493937002      -0.13782711715003579      -0.10839552027966212       -3.2343490429928026E-002 -0.22812972052602404       -4.3141605421471142E-002  -4.7744883467752589E-002  -4.6471636348568067E-002  -3.3984020371954075E-002 -0.11843458410399937      -0.10895868727468612       0.18114577172713350       -9.7744318417255796E-002
 -0.40530695426481234      -0.15871326700896193       -4.7010317822069353E-002  -4.8577391199526865E-002  0.30376926351318229      -0.18623499320055895       -4.9262985802164878E-002 -0.30756075234590075       0.15453000983187862      -0.19590677420205430      -0.13951661813510735       0.95589215822920626        6.2905188293660277E-002 -0.28062667867085028        6.6308675785325982E-002   9.8923390453660248E-002 -0.16943792543593636       -7.6833683036807252E-002   5.7224547300377092E-002  -1.8043945860628428E-002 -0.30707104191544526       0.31657519126959266       0.34926336250249529        6.7165669038623074E-002   9.6254468607677862E-002 -0.13870859592485560     
  0.12519635504759580      -0.44818110245118886       -1.1800137872321226E-002  -9.5474698922258863E-003 -0.21806617118016430      -0.12746974154590310      -0.32536172649295741        1.2220158741519421E-002 -0.13875756696790123       -6.0746695396345404E-002 -0.27810466995400496        6.2905188293660277E-002   1.2096601032912297      -0.12700451663697016       -7.5462493831532085E-002 -0.14725404293630368        9.4320112407378628E-002  0.47404158018254827       -6.7994409767086303E-002 -0.21010837668526325        4.4541047151580221E-002  0.16334479758007678       0.10435917623171563       -1.7946003774537447E-002 -0.22759103905252320       0.20080764550992003     
  0.29541970067391643        2.4438433981383460E-002 -0.19490286781962066      -0.19328682339911754        5.7200061778854477E-002  -8.9027472755148218E-002  0.19373132978983873       -5.3743836240831989E-002 -0.23209637501271346       0.32465541337210801       0.16204706493937002      -0.28062667867085028      -0.12700451663697016       0.78615852303334088       -8.7313486248554270E-002  -6.8704489891246515E-002  0.14804134662834356       -7.1936578732252454E-002  -2.0002787582450273E-002 -0.10736712837570547       -7.7445821074876756E-002 -0.15217563276238114       -9.0202777788241317E-002 -0.28444642002840265        3.0486357797508648E-002  0.10810546102470008     
 -0.26037715237151654       0.24595894719791428        1.0065432847515434E-002   6.5157856273755671E-002  -9.1794336687221881E-002  -6.4860263012171016E-002 -0.12715142976610661      -0.16517744469097337        7.9188060106304747E-002   3.7726538161627376E-003 -0.13782711715003579        6.6308675785325982E-002  -7.5462493831532085E-002  -8.7313486248554270E-002  0.66133133431024238       0.46858130888297023      -0.15183283546106224        8.2535042548302958E-003 -0.10215171229135495      -0.16532435782011029      -0.16277786358174157       -8.9811009443877182E-002  -9.9139993144053876E-002  -1.2632645604095442E-002  0.37869495937286890      -0.19367859174348195     
 -0.28123881670891943       0.16270817402048471       -3.0531561837242805E-002   6.0211780926155430E-002  -3.3078056075611262E-002 -0.11882635244836362       -8.4987361703890790E-002 -0.21596041632920546       0.14045083495628374       -3.9370835106963958E-002 -0.10839552027966212        9.8923390453660248E-002 -0.14725404293630368       -6.8704489891246515E-002  0.46858130888297023       0.68454360871383135      -0.17906073539438622       -5.0805573658099137E-002  -7.8449727457310228E-002  -8.0506511265223318E-002 -0.21929044725630265       -4.0644082226148202E-002  -6.0159042879798653E-002  -2.1398462309248262E-002  0.41512941539875570      -0.17188647758821357     
  0.16087175990627675       -8.2734693723795744E-002 -0.18684713123862834      -0.11711236594176951      -0.13464399935207530       0.12784079137205553      -0.14262627936849936       -6.2876935768826400E-002 -0.14764581128066812       0.11625913969178363       -3.2343490429928026E-002 -0.16943792543593636        9.4320112407378628E-002  0.14804134662834356      -0.15183283546106224      -0.17906073539438622        1.0301812305293003       0.12264986080922746       -5.3964205934536748E-002  -2.1643317524476086E-002  -2.5463058882028697E-002 -0.11610845955933616      -0.15854186835830164        1.6456153964959471E-002 -0.21992707081589491       0.18618978916082438     
   7.8404523417576144E-002  -7.9894373227153967E-002  0.16104315855693624       0.12955477787864961      -0.26549462636977611       0.13195435898788141      -0.20535818550984480      -0.12242572411221157       -8.5680490313151808E-003  0.13437842561863589      -0.22812972052602404       -7.6833683036807252E-002  0.47404158018254827       -7.1936578732252454E-002   8.2535042548302958E-003  -5.0805573658099137E-002  0.12264986080922746       0.79903790735431957      -0.21982912872980370        1.7484545868915818E-002 -0.10538380113236126      -0.25969155776887898       -7.7396850031830888E-002  -6.0918094047004497E-002 -0.24127844558375311        1.7141748567596878E-002
  -1.6721727698398747E-002 -0.18011361281986554        3.0265988103803435E-002  -1.7774605123877983E-002   8.9471979145869629E-002 -0.12169115846652799        7.8306581331484895E-002 -0.10996259365711987      -0.15653405559343472      -0.11162760912066823       -4.3141605421471142E-002   5.7224547300377092E-002  -6.7994409767086303E-002  -2.0002787582450273E-002 -0.10215171229135495       -7.8449727457310228E-002  -5.3964205934536748E-002 -0.21982912872980370       0.84115300437349005       -8.0188199485427353E-002 -0.11074613034584858       0.13983869691821449       0.21963701156093318        1.1387651009745153E-002  -2.3822528940002880E-002   4.7430338691267795E-002
   1.4962537152070160E-002   8.5211498400906902E-002  -2.5267174709846577E-002   1.7092777524551510E-002   4.2851546166508908E-002  0.14681707055220486       0.17492644926034850       -5.9179622018887726E-002  0.11579391478285099       -3.4106447979567696E-002  -4.7744883467752589E-002  -1.8043945860628428E-002 -0.21010837668526325      -0.10736712837570547      -0.16532435782011029       -8.0506511265223318E-002  -2.1643317524476086E-002   1.7484545868915818E-002  -8.0188199485427353E-002  0.83258307184051872       -8.1608359733748234E-002 -0.20026519703310811      -0.10709778763895529        6.0260751969201068E-002 -0.18121546128839033       -8.8317392630988242E-002
  0.13974075483212334      -0.19935923273676542       -9.3515857200438205E-003 -0.16052519560164694      -0.31684076500303193       0.10034355070198085      -0.20195469801817931        1.0752835611742495       -1.7897032731491520E-002   3.4543420363666124E-003  -4.6471636348568067E-002 -0.30707104191544526        4.4541047151580221E-002  -7.7445821074876756E-002 -0.16277786358174157      -0.21929044725630265       -2.5463058882028697E-002 -0.10538380113236126      -0.11074613034584858       -8.1608359733748234E-002   1.1534413458749422       -5.3841778326923058E-002 -0.15739104884673163      -0.13263618658720808      -0.17357597857328477        4.2827060644986134E-002
 -0.14953119643792168      -0.31865269359571768      -0.18594116694228568        1.5689568791128895E-003  0.31635482157588762      -0.28378531094728832       -6.9781852838248934E-002  -5.7514606555339062E-002 -0.14355672918636472      -0.25462305481366493       -3.3984020371954075E-002  0.31657519126959266       0.16334479758007678      -0.15217563276238114       -8.9811009443877182E-002  -4.0644082226148202E-002 -0.11610845955933616      -0.25969155776887898       0.13983869691821449      -0.20026519703310811       -5.3841778326923058E-002   1.1230303281436573       0.31855851851293743        6.9565250147854571E-002  -3.3763650678248970E-002  -5.1645615396496277E-003
 -0.17413914556830848      -0.34453388984528899        9.7226355461967184E-003  -7.9061865495379607E-002  0.23636062276098713      -0.26764935226378017        1.7655944519575216E-002 -0.16997660690943717       -4.9752696232619915E-002 -0.21365877730606475      -0.11843458410399937       0.34926336250249529       0.10435917623171563       -9.0202777788241317E-002  -9.9139993144053876E-002  -6.0159042879798653E-002 -0.15854186835830164       -7.7396850031830888E-002  0.21963701156093318      -0.10709778763895529      -0.15739104884673163       0.31855851851293743       0.96940816610977665        2.7768464908480641E-002  -3.9909516580465015E-002  -4.5688099659839630E-002
 -0.18376195552675856       -1.2926471862368831E-002   2.6463198261151830E-003   2.9727306630302548E-002   9.7503230205339214E-002  -6.4639893318466007E-002  -7.6001175305033100E-002 -0.14776823888828203       0.11060298422002303      -0.24556341185023872      -0.10895868727468612        6.7165669038623074E-002  -1.7946003774537447E-002 -0.28444642002840265       -1.2632645604095442E-002  -2.1398462309248262E-002   1.6456153964959471E-002  -6.0918094047004497E-002   1.1387651009745153E-002   6.0260751969201068E-002 -0.13263618658720808        6.9565250147854571E-002   2.7768464908480641E-002  0.83811679970466579        2.8772371290914280E-002   9.6246934601055580E-003
 -0.24316383074100692       0.23898057356392394      -0.17644078459144952      -0.16081902185992006       0.10176371095030191      -0.18388438313437222        4.9854405322022309E-002 -0.17597555968251657        7.2846310031906350E-002 -0.15917849191789418       0.18114577172713350        9.6254468607677862E-002 -0.22759103905252320        3.0486357797508648E-002  0.37869495937286890       0.41512941539875570      -0.21992707081589491      -0.24127844558375311       -2.3822528940002880E-002 -0.18121546128839033      -0.17357597857328477       -3.3763650678248970E-002  -3.9909516580465015E-002   2.8772371290914280E-002  0.82817567796642044      -0.18155825858970914     
  0.33738788456394991      -0.30665478804955854       -7.1446868301797167E-002  -7.6197059477215279E-002 -0.21023080429287683      -0.10244553854962829      -0.33153207791669626        6.7802292598214992E-002 -0.18567182620553505       0.18136614142083810       -9.7744318417255796E-002 -0.13870859592485560       0.20080764550992003       0.10810546102470008      -0.19367859174348195      -0.17188647758821357       0.18618978916082438        1.7141748567596878E-002   4.7430338691267795E-002  -8.8317392630988242E-002   4.2827060644986134E-002  -5.1645615396496277E-003  -4.5688099659839630E-002   9.6246934601055580E-003 -0.18155825858970914        1.0082422032448954     
