  0.93432222638653251       -7.5434961422081517E-002   2.1996300769913286E-002  -3.8750274358926119E-002   9.4167254005317978E-003   7.0830267574242198E-002  -4.0801632463472001E-002   3.0846844140962545E-003   6.0596367932103351E-002   5.0543786999227028E-002  0.12508271311130931        5.7637931118073839E-002   5.8877037860475732E-002  0.10639427181481298       -7.9125974269992402E-003   6.2742794269200781E-003  0.10384756211120985        9.3602768350562887E-002  -5.7090809555042955E-002   2.9409726361966065E-002  -5.6484884858413222E-002   6.0784170185579259E-002   3.5699690469628537E-002  -4.5829466630913397E-002   9.6131747545500509E-002   7.2059250352263914E-003
  -7.5434961422081517E-002  0.85843556108716512      -0.10146127517295951       -9.6276645089335255E-002 -0.17383694691063506      -0.12145978935226209       -8.7026636004400668E-003   3.2507140372027073E-002 -0.10049752058378664       -5.6795080548571630E-002  -6.7186702327495101E-002   5.6219710953557309E-002   8.6994493096039363E-002 -0.14567353349091886       -9.9258899004557130E-002  -7.8874988843368299E-002 -0.10042831867310015      -0.12649595950512088        2.0229071861443220E-002  -4.0691897375015475E-002   4.8875310849219207E-002  0.10723814699465116       0.12415221425231998       -9.6518917935352722E-002 -0.18115078173510962       -3.5749848877609423E-002
   2.1996300769913286E-002 -0.10146127517295951       0.88719832744781169        2.0626420499668272E-002   6.3412872465323886E-002   1.4396748942616812E-002   7.4263655384841920E-003  -8.4311065767543547E-002   6.6107953888206589E-002   7.0495240350803456E-002   1.7845353234532170E-003  -1.5937196299092644E-002  -5.9965557418201866E-003  -3.5224373056118148E-002  -5.0428810112859246E-004   3.8298709584368741E-002   3.4430547716278626E-002   7.2303355282986967E-002   2.0168294147659749E-002   1.9990636215062280E-002  -8.9371053021594579E-002  -1.1568522460020256E-002  -5.8055931422247284E-002  -7.1500288093624603E-002   3.8854221416808138E-002  -4.5808903176470542E-005
  -3.8750274358926119E-002  -9.6276645089335255E-002   2.0626420499668272E-002  0.82507468281262675        3.6827959480000276E-002  -6.8316956096299439E-002   1.7957140936410810E-002   5.9070617966277765E-002   1.3037718685137329E-002  -9.1038935440446462E-003  -2.4178839532236679E-002   2.0659191066679270E-002  -4.5509920523249932E-002  -2.0179992347789430E-002   5.9644036730354219E-002   9.2408252514282044E-002 -0.10312529664292938        2.8873553201435756E-003   2.4598363180917085E-002  -7.1108099827324397E-002   4.8545223468990893E-002 -0.16081662285196713       -8.8257691752339287E-002   2.8241517904980997E-003   6.1751541445673845E-002   9.0654211222953793E-002
   9.4167254005317978E-003 -0.17383694691063506        6.3412872465323886E-002   3.6827959480000276E-002  0.86042914066844833       -3.0519240253334833E-003  0.24417532009751758        4.1964646621039055E-002   1.8215380061375585E-002   4.4652362384849334E-002  -2.8588002443336334E-002 -0.17659421743107537       -8.1028098896896994E-002  -2.7887206293623686E-002  0.13515412719642486       0.12272265891186532       -1.2748748035585329E-002  0.14019576646140924        5.2772935353599150E-002   1.2750325664083437E-002   7.8329831682273740E-002 -0.12553679191321501       -7.3066615342963090E-002   7.8737898016035521E-002  0.26973869997040534        6.0220719319409095E-002
   7.0830267574242198E-002 -0.12145978935226209        1.4396748942616812E-002  -6.8316956096299439E-002  -3.0519240253334833E-003  0.86902623208401630       0.16727254669209737      -0.11509361052078457        3.7926236585166681E-002   6.2154579724739388E-002   9.4465608999869069E-002   6.7897853148552303E-002   5.2694868188579963E-002   7.7726641541706790E-002 -0.11979753211201041       -9.5815122595119914E-002   7.7104177191471349E-002  0.11366969053717925        2.1639220675000286E-002  0.14412016315175930       -9.2909127509456402E-002   4.9375117128314251E-002   6.1553109708147508E-002  -4.5601307622639621E-002   7.0725255193031960E-004 -0.10020210031751596     
  -4.0801632463472001E-002  -8.7026636004400668E-003   7.4263655384841920E-003   1.7957140936410810E-002  0.24417532009751758       0.16727254669209737       0.93676612560332206      -0.11892878129314909       -5.4006803690838337E-002   3.4712427519463976E-002  -5.4809155010064363E-003  -2.8051103234421240E-002  0.13396455120335457       -9.1566107636667241E-002 -0.12963478880781093      -0.10556751984148706       -6.4038169761356428E-002   8.7745834427170974E-002  -4.6952884009560776E-002  0.15969257781467022       -6.9855320304608545E-002  -6.3963301959074617E-003  -2.9703348471023943E-002  -8.4545355474087050E-002   3.2519931037482151E-002  -4.6806167952014839E-003
   3.0846844140962545E-003   3.2507140372027073E-002  -8.4311065767543547E-002   5.9070617966277765E-002   4.1964646621039055E-002 -0.11509361052078457      -0.11892878129314909        1.1918104951834352        8.7041289289307724E-002  -8.8182182720411104E-002   3.4953685933393569E-002  -1.3912545918277183E-003 -0.13285397877415370        6.8346011602654605E-002  0.15521337498376808       0.14138745953014126       -3.6575596597095722E-002   6.2534615162481285E-003  0.11819987960693000      -0.10543793716870370        1.0375859438145820       -5.5309555020315454E-002   2.9354461866051239E-002   4.7858541157021893E-002   6.2214078371977212E-002   3.7873177376399475E-002
   6.0596367932103351E-002 -0.10049752058378664        6.6107953888206589E-002   1.3037718685137329E-002   1.8215380061375585E-002   3.7926236585166681E-002  -5.4006803690838337E-002   8.7041289289307724E-002  0.93903924738341371       -1.7379674622231119E-002  -5.6254255928534447E-002  -7.1267365665112312E-002 -0.12715930987907018        7.7765322278272861E-002  0.13334019030617217       0.16761123469220077        2.4206615972046243E-002  0.12140076568994858       0.15567785256276134        2.1339698574635347E-002   9.4978558790362655E-002  -4.9575896648465255E-002   1.9034885121861592E-003   8.7891471590387821E-002  0.20820435216675842        6.4223424059990436E-003
   5.0543786999227028E-002  -5.6795080548571630E-002   7.0495240350803456E-002  -9.1038935440446462E-003   4.4652362384849334E-002   6.2154579724739388E-002   3.4712427519463976E-002  -8.8182182720411104E-002  -1.7379674622231119E-002  0.81690091831788081       -2.3058333132624061E-002   5.2560742624272898E-002   3.3302852080565451E-002  0.13406824380502699        3.0377979736919698E-002   6.9706188609450645E-002   9.6346145561974419E-002   4.0004322769939503E-002  -2.5416975948293726E-002   8.7447326758894064E-002  -8.0116477295889416E-002   3.6411777689535914E-002   3.4326502268662594E-002  -1.6056085025584383E-003   3.7868325744675094E-002  -8.9441489893083398E-002
  0.12508271311130931       -6.7186702327495101E-002   1.7845353234532170E-003  -2.4178839532236679E-002  -2.8588002443336334E-002   9.4465608999869069E-002  -5.4809155010064363E-003   3.4953685933393569E-002  -5.6254255928534447E-002  -2.3058333132624061E-002   1.0224286524043054       -8.4759159759405320E-003   6.9581633991363356E-002  -6.1307803744114875E-002  -6.6074884759243349E-002  -6.8020477292198095E-002   1.2787330382417444E-002   2.5709166317081103E-002  -2.5634637789745913E-002   4.3618788404588681E-002   4.0354345945980669E-002   2.7226536191746330E-002  -1.3343646296477999E-002  -8.1130159586080289E-002   6.4385977472001921E-002  -9.5498399255004876E-002
   5.7637931118073839E-002   5.6219710953557309E-002  -1.5937196299092644E-002   2.0659191066679270E-002 -0.17659421743107537        6.7897853148552303E-002  -2.8051103234421240E-002  -1.3912545918277183E-003  -7.1267365665112312E-002   5.2560742624272898E-002  -8.4759159759405320E-003  0.99534040468045015       0.19157525211428181        9.2012712211517980E-002   1.8452139689524309E-002   2.3091181732872574E-002   7.9046041092774699E-003 -0.19944346220012715       -6.2424517049833927E-002  -2.9582675158316130E-002  -1.8361380248784250E-002   7.6929406488662174E-003   2.0618613783166539E-002  -9.6599675550691946E-002  -8.3507856082703974E-002  -9.4885902802675851E-002
   5.8877037860475732E-002   8.6994493096039363E-002  -5.9965557418201866E-003  -4.5509920523249932E-002  -8.1028098896896994E-002   5.2694868188579963E-002  0.13396455120335457      -0.13285397877415370      -0.12715930987907018        3.3302852080565451E-002   6.9581633991363356E-002  0.19157525211428181        1.1952292195308785       -6.4098241783252505E-002 -0.10406135282553072       -8.3289841395308331E-002   4.4908528539895722E-002 -0.10124670073351404      -0.10034460597298354        3.2640560244447031E-002 -0.13164812776193524       -6.0526558719263886E-002   6.6372235499955412E-002 -0.12318758772653625       -8.2681579094302210E-002  -5.0395998832854033E-002
  0.10639427181481298      -0.14567353349091886       -3.5224373056118148E-002  -2.0179992347789430E-002  -2.7887206293623686E-002   7.7726641541706790E-002  -9.1566107636667241E-002   6.8346011602654605E-002   7.7765322278272861E-002  0.13406824380502699       -6.1307803744114875E-002   9.2012712211517980E-002  -6.4098241783252505E-002  0.83470146690307601        6.6378233880996576E-002   8.2140744296016630E-002  0.16365036255243218        6.4381763677176266E-003   2.4926818648656358E-002   6.4981713742010616E-002   1.9418164028086561E-003  0.10164496541409289       0.14646403054354107        7.1232820690135326E-002   6.3825349373380649E-002 -0.10535228381589715     
  -7.9125974269992402E-003  -9.9258899004557130E-002  -5.0428810112859246E-004   5.9644036730354219E-002  0.13515412719642486      -0.11979753211201041      -0.12963478880781093       0.15521337498376808       0.13334019030617217        3.0377979736919698E-002  -6.6074884759243349E-002   1.8452139689524309E-002 -0.10406135282553072        6.6378233880996576E-002  0.80269331176477510       0.54863488196253796       -2.9903764966982986E-002   4.5738378093475918E-002   8.0036106453988731E-002  -8.9099008799086554E-002  0.16228370200142261       -4.2559952011866541E-002  -1.5343488893259667E-002  0.13610782567620547       0.27535124397211813        1.3293796628697754E-002
   6.2742794269200781E-003  -7.8874988843368299E-002   3.8298709584368741E-002   9.2408252514282044E-002  0.12272265891186532       -9.5815122595119914E-002 -0.10556751984148706       0.14138745953014126       0.16761123469220077        6.9706188609450645E-002  -6.8020477292198095E-002   2.3091181732872574E-002  -8.3289841395308331E-002   8.2140744296016630E-002  0.54863488196253796       0.82059495071280897        3.0685176236557660E-002   1.5270836556374779E-002   9.5814671359442133E-002  -3.1441158848947194E-002  0.14925592407219612       -7.8584640737536973E-002  -5.6312278729757290E-003  0.15295057394752606       0.28696710885806959        3.1450719616918942E-002
  0.10384756211120985      -0.10042831867310015        3.4430547716278626E-002 -0.10312529664292938       -1.2748748035585329E-002   7.7104177191471349E-002  -6.4038169761356428E-002  -3.6575596597095722E-002   2.4206615972046243E-002   9.6346145561974419E-002   1.2787330382417444E-002   7.9046041092774699E-003   4.4908528539895722E-002  0.16365036255243218       -2.9903764966982986E-002   3.0685176236557660E-002  0.97296776656970274        1.5345198838986518E-002  -1.5593347927064292E-002   5.5194428852970830E-002  -4.4286868271281331E-002   3.7171499111827926E-002   9.1744813928847244E-002   9.5918252000382603E-003   8.8422195995290012E-002 -0.11377493701810305     
   9.3602768350562887E-002 -0.12649595950512088        7.2303355282986967E-002   2.8873553201435756E-003  0.14019576646140924       0.11366969053717925        8.7745834427170974E-002   6.2534615162481285E-003  0.12140076568994858        4.0004322769939503E-002   2.5709166317081103E-002 -0.19944346220012715      -0.10124670073351404        6.4381763677176266E-003   4.5738378093475918E-002   1.5270836556374779E-002   1.5345198838986518E-002  0.84273426944335816       0.11071676694101819       0.15217987019523987        1.0995887421068259E-002  -4.8520225690987198E-002  -1.8319591753714101E-003   7.6548488936060061E-002  0.14568882800547392        5.1965006354264313E-002
  -5.7090809555042955E-002   2.0229071861443220E-002   2.0168294147659749E-002   2.4598363180917085E-002   5.2772935353599150E-002   2.1639220675000286E-002  -4.6952884009560776E-002  0.11819987960693000       0.15567785256276134       -2.5416975948293726E-002  -2.5634637789745913E-002  -6.2424517049833927E-002 -0.10034460597298354        2.4926818648656358E-002   8.0036106453988731E-002   9.5814671359442133E-002  -1.5593347927064292E-002  0.11071676694101819       0.88433295375140375       -3.8906805640651368E-002   9.6638169686038056E-002  -1.5426584112975308E-002   2.7979685858338918E-002  0.19952892895171345        1.8343066187212174E-002  -3.1001556908977074E-002
   2.9409726361966065E-002  -4.0691897375015475E-002   1.9990636215062280E-002  -7.1108099827324397E-002   1.2750325664083437E-002  0.14412016315175930       0.15969257781467022      -0.10543793716870370        2.1339698574635347E-002   8.7447326758894064E-002   4.3618788404588681E-002  -2.9582675158316130E-002   3.2640560244447031E-002   6.4981713742010616E-002  -8.9099008799086554E-002  -3.1441158848947194E-002   5.5194428852970830E-002  0.15217987019523987       -3.8906805640651368E-002  0.78101789723856163      -0.11776372809315812        5.0769608403124555E-002   4.9785212326251757E-002   4.6974550107599126E-003  -2.7745847387473082E-002  -4.2139844810279693E-002
  -5.6484884858413222E-002   4.8875310849219207E-002  -8.9371053021594579E-002   4.8545223468990893E-002   7.8329831682273740E-002  -9.2909127509456402E-002  -6.9855320304608545E-002   1.0375859438145820        9.4978558790362655E-002  -8.0116477295889416E-002   4.0354345945980669E-002  -1.8361380248784250E-002 -0.13164812776193524        1.9418164028086561E-003  0.16228370200142261       0.14925592407219612       -4.4286868271281331E-002   1.0995887421068259E-002   9.6638169686038056E-002 -0.11776372809315812        1.2085978466416121       -4.3549023297492100E-002   3.9021029336640325E-002   4.8977239221173675E-002   6.4036880516562700E-002  -3.2751055308781744E-002
   6.0784170185579259E-002  0.10723814699465116       -1.1568522460020256E-002 -0.16081662285196713      -0.12553679191321501        4.9375117128314251E-002  -6.3963301959074617E-003  -5.5309555020315454E-002  -4.9575896648465255E-002   3.6411777689535914E-002   2.7226536191746330E-002   7.6929406488662174E-003  -6.0526558719263886E-002  0.10164496541409289       -4.2559952011866541E-002  -7.8584640737536973E-002   3.7171499111827926E-002  -4.8520225690987198E-002  -1.5426584112975308E-002   5.0769608403124555E-002  -4.3549023297492100E-002   1.1210920526313157       -1.0818813041377611E-002 -0.11072118769356135      -0.13543539969745746       -4.9381037476117787E-002
   3.5699690469628537E-002  0.12415221425231998       -5.8055931422247284E-002  -8.8257691752339287E-002  -7.3066615342963090E-002   6.1553109708147508E-002  -2.9703348471023943E-002   2.9354461866051239E-002   1.9034885121861592E-003   3.4326502268662594E-002  -1.3343646296477999E-002   2.0618613783166539E-002   6.6372235499955412E-002  0.14646403054354107       -1.5343488893259667E-002  -5.6312278729757290E-003   9.1744813928847244E-002  -1.8319591753714101E-003   2.7979685858338918E-002   4.9785212326251757E-002   3.9021029336640325E-002  -1.0818813041377611E-002  0.98652004999407494        6.3985585537513323E-002  -5.0301215591257227E-002 -0.19680532129139114     
  -4.5829466630913397E-002  -9.6518917935352722E-002  -7.1500288093624603E-002   2.8241517904980997E-003   7.8737898016035521E-002  -4.5601307622639621E-002  -8.4545355474087050E-002   4.7858541157021893E-002   8.7891471590387821E-002  -1.6056085025584383E-003  -8.1130159586080289E-002  -9.6599675550691946E-002 -0.12318758772653625        7.1232820690135326E-002  0.13610782567620547       0.15295057394752606        9.5918252000382603E-003   7.6548488936060061E-002  0.19952892895171345        4.6974550107599126E-003   4.8977239221173675E-002 -0.11072118769356135        6.3985585537513323E-002  0.89617710996285782        7.4311577970928910E-002  -4.3255455472425083E-002
   9.6131747545500509E-002 -0.18115078173510962        3.8854221416808138E-002   6.1751541445673845E-002  0.26973869997040534        7.0725255193031960E-004   3.2519931037482151E-002   6.2214078371977212E-002  0.20820435216675842        3.7868325744675094E-002   6.4385977472001921E-002  -8.3507856082703974E-002  -8.2681579094302210E-002   6.3825349373380649E-002  0.27535124397211813       0.28696710885806959        8.8422195995290012E-002  0.14568882800547392        1.8343066187212174E-002  -2.7745847387473082E-002   6.4036880516562700E-002 -0.13543539969745746       -5.0301215591257227E-002   7.4311577970928910E-002  0.88189425901228224        3.7072569930393907E-002
   7.2059250352263914E-003  -3.5749848877609423E-002  -4.5808903176470542E-005   9.0654211222953793E-002   6.0220719319409095E-002 -0.10020210031751596       -4.6806167952014839E-003   3.7873177376399475E-002   6.4223424059990436E-003  -8.9441489893083398E-002  -9.5498399255004876E-002  -9.4885902802675851E-002  -5.0395998832854033E-002 -0.10535228381589715        1.3293796628697754E-002   3.1450719616918942E-002 -0.11377493701810305        5.1965006354264313E-002  -3.1001556908977074E-002  -4.2139844810279693E-002  -3.2751055308781744E-002  -4.9381037476117787E-002 -0.19680532129139114       -4.3255455472425083E-002   3.7072569930393907E-002   1.0020139564345376     
